function x = hotres
% hotres    uses the same colormap as ncview 'hotres'
%
% hotres returns a colormap the same size as the current colormap,
% within reason. 

%% DART software - Copyright UCAR. This open source software is provided
% by UCAR, "as is", without charge, subject to all terms of use at
% http://www.image.ucar.edu/DAReS/DART/DART_download
%
% DART $Id$

x = [ ...
   0 0 1
   0 0.03137255 1
   0 0.05882353 1
   0 0.09019608 1
   0 0.1215686 1
   0 0.1529412 1
   0 0.1803922 1
   0 0.2117647 1
   0 0.2431373 1
   0 0.2745098 1
   0 0.3019608 1
   0 0.3333333 1
   0 0.3647059 1
   0 0.3921569 1
   0 0.4235294 1
   0 0.454902 1
   0 0.4862745 1
   0 0.5137255 1
   0 0.5450981 1
   0 0.5764706 1
   0 0.6078432 1
   0 0.6352941 1
   0 0.6666667 1
   0 0.6980392 1
   0 0.7254902 1
   0 0.7568628 1
   0 0.7882353 1
   0 0.8196079 1
   0 0.8470588 1
   0 0.8784314 1
   0 0.9098039 1
   0 0.9411765 1
   0 0.9686275 1
   0 1 1
   0 0.9921569 0.972549
   0 0.9803922 0.9411765
  0.003921569 0.972549 0.9137255
  0.003921569 0.9647059 0.8862745
  0.003921569 0.9529412 0.8588235
  0.003921569 0.945098 0.827451
  0.007843138 0.9372549 0.8
  0.007843138 0.9294118 0.772549
  0.007843138 0.9176471 0.7450981
  0.007843138 0.9098039 0.7137255
  0.01176471 0.9019608 0.6862745
  0.01176471 0.8901961 0.6588235
  0.01176471 0.8823529 0.627451
  0.01176471 0.8745098 0.6
  0.01568628 0.8627451 0.572549
  0.01568628 0.854902 0.5450981
  0.01568628 0.8470588 0.5137255
  0.01568628 0.8392157 0.4862745
  0.01960784 0.827451 0.4588235
  0.01960784 0.8196079 0.4313726
  0.01960784 0.8117647 0.4
  0.01960784 0.8 0.372549
  0.02352941 0.7921569 0.345098
  0.02352941 0.7843137 0.3137255
  0.02352941 0.772549 0.2862745
  0.02352941 0.7647059 0.2588235
  0.02745098 0.7568628 0.2313726
  0.02745098 0.7490196 0.2
  0.02745098 0.7372549 0.172549
  0.02745098 0.7294118 0.145098
  0.03137255 0.7215686 0.1176471
  0.03137255 0.7098039 0.08627451
  0.03137255 0.7019608 0.05882353
  0.05882353 0.7098039 0.05882353
  0.09019608 0.7176471 0.05490196
  0.1176471 0.7294118 0.05490196
  0.145098 0.7372549 0.05098039
  0.172549 0.7450981 0.05098039
  0.2039216 0.7529412 0.04705882
  0.2313726 0.7647059 0.04705882
  0.2588235 0.772549 0.04313726
  0.2862745 0.7803922 0.04313726
  0.3176471 0.7882353 0.04313726
  0.345098 0.8 0.03921569
  0.372549 0.8078431 0.03921569
  0.4 0.8156863 0.03529412
  0.4313726 0.8235294 0.03529412
  0.4588235 0.8352941 0.03137255
  0.4862745 0.8431373 0.03137255
  0.5176471 0.8509804 0.03137255
  0.5450981 0.8588235 0.02745098
  0.572549 0.8666667 0.02745098
  0.6 0.8784314 0.02352941
  0.6313726 0.8862745 0.02352941
  0.6588235 0.8941177 0.01960784
  0.6862745 0.9019608 0.01960784
  0.7137255 0.9137255 0.01568628
  0.7450981 0.9215686 0.01568628
  0.772549 0.9294118 0.01568628
  0.8 0.9372549 0.01176471
  0.827451 0.9490196 0.01176471
  0.8588235 0.9568627 0.007843138
  0.8862745 0.9647059 0.007843138
  0.9137255 0.972549 0.003921569
  0.9411765 0.9843137 0.003921569
  0.972549 0.9921569 0
  1 1 0
  1 0.9882353 0
  1 0.9803922 0
  1 0.9686275 0
  1 0.9568627 0
  1 0.945098 0
  1 0.9372549 0
  1 0.9254902 0
  1 0.9137255 0
  1 0.9019608 0
  1 0.8941177 0
  1 0.8823529 0
  1 0.8705882 0
  1 0.8627451 0
  1 0.8509804 0
  1 0.8392157 0
  1 0.827451 0
  1 0.8196079 0
  1 0.8078431 0
  1 0.7960784 0
  1 0.7843137 0
  1 0.7764706 0
  1 0.7647059 0
  1 0.7529412 0
  1 0.7450981 0
  1 0.7333333 0
  1 0.7215686 0
  1 0.7098039 0
  1 0.7019608 0
  1 0.6901961 0
  1 0.6784314 0
  1 0.6666667 0
  1 0.6588235 0
  1 0.6470588 0
  1 0.627451 0
  1 0.6078432 0
  1 0.5882353 0
  1 0.5686275 0
  1 0.5490196 0
  1 0.5294118 0
  1 0.509804 0
  1 0.4901961 0
  1 0.4705882 0
  1 0.4509804 0
  1 0.4313726 0
  1 0.4117647 0
  1 0.3921569 0
  1 0.372549 0
  1 0.3529412 0
  1 0.3333333 0
  1 0.3137255 0
  1 0.2941177 0
  1 0.2745098 0
  1 0.254902 0
  1 0.2352941 0
  1 0.2156863 0
  1 0.1960784 0
  1 0.1764706 0
  1 0.1568628 0
  1 0.1372549 0
  1 0.1176471 0
  1 0.09803922 0
  1 0.07843138 0
  1 0.05882353 0
  1 0.03921569 0
  1 0.01960784 0
  1 0 0
 0.9803922 0 0.01568628
 0.9607843 0 0.03137255
 0.9411765 0 0.04705882
 0.9215686 0 0.0627451
 0.9019608 0 0.08235294
 0.8784314 0 0.09803922
 0.8588235 0 0.1137255
 0.8392157 0 0.1294118
 0.8196079 0 0.145098
 0.8 0 0.1607843
 0.7803922 0 0.1764706
 0.7607843 0 0.1921569
 0.7411765 0 0.2117647
 0.7215686 0 0.227451
 0.7019608 0 0.2431373
 0.682353 0 0.2588235
 0.6588235 0 0.2745098
 0.6392157 0 0.2901961
 0.6196079 0 0.3058824
 0.6 0 0.3215686
 0.5803922 0 0.3411765
 0.5607843 0 0.3568628
 0.5411765 0 0.372549
 0.5215687 0 0.3882353
 0.5019608 0 0.4039216
 0.4823529 0 0.4196078
 0.4627451 0 0.4352941
 0.4392157 0 0.4509804
 0.4196078 0 0.4705882
 0.4 0 0.4862745
 0.3803922 0 0.5019608
 0.3607843 0 0.5176471
 0.3411765 0 0.5333334];

% <next few lines under version control, do not edit>
% $URL$
% $Revision$
% $Date$
