function colors = brown_to_blue()
% Brown to Blue, 12 steps
%
% This open source software is provided by UCAR, "as is", without charge,
% subject to all terms of use at
% http://www.image.ucar.edu/DAReS/DART/DART_download
%
% DART $Id$

RGB = [ ...
   0.200   0.100   0.000; ...
   0.400   0.187   0.000; ...
   0.600   0.379   0.210; ...
   0.800   0.608   0.480; ...
   0.850   0.688   0.595; ...
   0.950   0.855   0.808; ...
   0.800   0.993   1.000; ...
   0.600   0.973   1.000; ...
   0.400   0.940   1.000; ...
   0.200   0.893   1.000; ...
   0.000   0.667   0.800; ...
   0.000   0.480   0.600];


HSV = [ ...
  30.000   1.000   0.200; ...
  28.000   1.000   0.400; ...
  26.000   0.650   0.600; ...
  24.000   0.400   0.800; ...
  22.000   0.300   0.850; ...
  20.000   0.150   0.950; ...
 182.000   0.200   1.000; ...
 184.000   0.400   1.000; ...
 186.000   0.600   1.000; ...
 188.000   0.800   1.000; ...
 190.000   1.000   0.800; ...
 192.000   1.000   0.600];


CMYK = [ ...
   0.000   0.100   0.200   0.800; ...
   0.000   0.213   0.400   0.600; ...
   0.000   0.221   0.390   0.400; ...
   0.000   0.192   0.320   0.200; ...
   0.000   0.162   0.255   0.150; ...
   0.000   0.095   0.142   0.050; ...
   0.200   0.007   0.000   0.000; ...
   0.400   0.027   0.000   0.000; ...
   0.600   0.060   0.000   0.000; ...
   0.800   0.107   0.000   0.000; ...
   0.800   0.133   0.000   0.200; ...
   0.600   0.120   0.000   0.400];

colors = RGB;

% <next few lines under version control, do not edit>
% $URL$
% $Revision$
% $Date$
